100 
285 
543 
984 
715 
838 
433 
470 
560 
269 
749 
503 
646 
307 
138 
475 
362 
788 
780 
668 
133 
21 
559 
300 
939 
980 
286 
800 
896 
597 
884 
943 
549 
728 
576 
25 
446 
646 
521 
372 
937 
829 
849 
372 
593 
872 
933 
668 
206 
653 
72 
406 
666 
933 
810 
484 
756 
417 
971 
987 
864 
388 
454 
246 
784 
882 
913 
558 
598 
148 
899 
450 
205 
899 
762 
882 
284 
673 
664 
122 
407 
275 
716 
283 
896 
826 
390 
497 
694 
834 
609 
574 
326 
456 
713 
884 
720 
18 
674 
438 
437 
